[[ 101   37]
 [ 127   37]
 [ 153   37]
 [ 179   37]
 [ 205   37]
 [ 232   37]
 [ 258   37]
 [ 284   37]
 [ 310   37]
 [ 337   37]
 [ 363   37]
 [ 389   37]
 [ 415   37]
 [ 442   37]
 [ 468   37]
 [ 494   37]
 [ 520   37]
 [ 546   37]
 [ 573   37]
 [ 599   37]
 [ 625   37]
 [ 651   37]
 [ 678   37]
 [ 704   37]
 [ 730   37]
 [ 756   37]
 [ 783   37]
 [ 809   37]
 [ 835   37]
 [ 861   37]
 [ 888   37]
 [ 914   37]
 [ 940   37]
 [ 966   37]
 [ 992   37]
 [1019   37]
 [1045   37]
 [1071   37]
 [1097   37]
 [1124   37]
 [1150   37]
 [1176   37]
 [1202   37]
 [1229   37]
 [1255   37]
 [1281   37]
 [1307   37]
 [1334   37]
 [ 101   66]
 [ 127   66]
 [ 153   66]
 [ 179   66]
 [ 205   66]
 [ 232   66]
 [ 258   66]
 [ 284   66]
 [ 310   66]
 [ 337   66]
 [ 363   66]
 [ 389   66]
 [ 415   66]
 [ 442   66]
 [ 468   66]
 [ 494   66]
 [ 520   66]
 [ 546   66]
 [ 573   66]
 [ 599   66]
 [ 625   66]
 [ 651   66]
 [ 678   66]
 [ 704   66]
 [ 730   66]
 [ 756   66]
 [ 783   66]
 [ 809   66]
 [ 835   66]
 [ 861   66]
 [ 888   66]
 [ 914   66]
 [ 940   66]
 [ 966   66]
 [ 992   66]
 [1019   66]
 [1045   66]
 [1071   66]
 [1097   66]
 [1124   66]
 [1150   66]
 [1176   66]
 [1202   66]
 [1229   66]
 [1255   66]
 [1281   66]
 [1307   66]
 [1334   66]
 [ 101   95]
 [ 127   95]
 [ 153   95]
 [ 179   95]
 [ 205   95]
 [ 232   95]
 [ 258   95]
 [ 284   95]
 [ 310   95]
 [ 337   95]
 [ 363   95]
 [ 389   95]
 [ 415   95]
 [ 442   95]
 [ 468   95]
 [ 494   95]
 [ 520   95]
 [ 546   95]
 [ 573   95]
 [ 599   95]
 [ 625   95]
 [ 651   95]
 [ 678   95]
 [ 704   95]
 [ 730   95]
 [ 756   95]
 [ 783   95]
 [ 809   95]
 [ 835   95]
 [ 861   95]
 [ 888   95]
 [ 914   95]
 [ 940   95]
 [ 966   95]
 [ 992   95]
 [1019   95]
 [1045   95]
 [1071   95]
 [1097   95]
 [1124   95]
 [1150   95]
 [1176   95]
 [1202   95]
 [1229   95]
 [1255   95]
 [1281   95]
 [1307   95]
 [1334   95]
 [ 101  124]
 [ 127  124]
 [ 153  124]
 [ 179  124]
 [ 205  124]
 [ 232  124]
 [ 258  124]
 [ 284  124]
 [ 310  124]
 [ 337  124]
 [ 363  124]
 [ 389  124]
 [ 415  124]
 [ 442  124]
 [ 468  124]
 [ 494  124]
 [ 520  124]
 [ 546  124]
 [ 573  124]
 [ 599  124]
 [ 625  124]
 [ 651  124]
 [ 678  124]
 [ 704  124]
 [ 730  124]
 [ 756  124]
 [ 783  124]
 [ 809  124]
 [ 835  124]
 [ 861  124]
 [ 888  124]
 [ 914  124]
 [ 940  124]
 [ 966  124]
 [ 992  124]
 [1019  124]
 [1045  124]
 [1071  124]
 [1097  124]
 [1124  124]
 [1150  124]
 [1176  124]
 [1202  124]
 [1229  124]
 [1255  124]
 [1281  124]
 [1307  124]
 [1334  124]
 [ 101  154]
 [ 127  154]
 [ 153  154]
 [ 179  154]
 [ 205  154]
 [ 232  154]
 [ 258  154]
 [ 284  154]
 [ 310  154]
 [ 337  154]
 [ 363  154]
 [ 389  154]
 [ 415  154]
 [ 442  154]
 [ 468  154]
 [ 494  154]
 [ 520  154]
 [ 546  154]
 [ 573  154]
 [ 599  154]
 [ 625  154]
 [ 651  154]
 [ 678  154]
 [ 704  154]
 [ 730  154]
 [ 756  154]
 [ 783  154]
 [ 809  154]
 [ 835  154]
 [ 861  154]
 [ 888  154]
 [ 914  154]
 [ 940  154]
 [ 966  154]
 [ 992  154]
 [1019  154]
 [1045  154]
 [1071  154]
 [1097  154]
 [1124  154]
 [1150  154]
 [1176  154]
 [1202  154]
 [1229  154]
 [1255  154]
 [1281  154]
 [1307  154]
 [1334  154]
 [ 101  183]
 [ 127  183]
 [ 153  183]
 [ 179  183]
 [ 205  183]
 [ 232  183]
 [ 258  183]
 [ 284  183]
 [ 310  183]
 [ 337  183]
 [ 363  183]
 [ 389  183]
 [ 415  183]
 [ 442  183]
 [ 468  183]
 [ 494  183]
 [ 520  183]
 [ 546  183]
 [ 573  183]
 [ 599  183]
 [ 625  183]
 [ 651  183]
 [ 678  183]
 [ 704  183]
 [ 730  183]
 [ 756  183]
 [ 783  183]
 [ 809  183]
 [ 835  183]
 [ 861  183]
 [ 888  183]
 [ 914  183]
 [ 940  183]
 [ 966  183]
 [ 992  183]
 [1019  183]
 [1045  183]
 [1071  183]
 [1097  183]
 [1124  183]
 [1150  183]
 [1176  183]
 [1202  183]
 [1229  183]
 [1255  183]
 [1281  183]
 [1307  183]
 [1334  183]
 [ 101  212]
 [ 127  212]
 [ 153  212]
 [ 179  212]
 [ 205  212]
 [ 232  212]
 [ 258  212]
 [ 284  212]
 [ 310  212]
 [ 337  212]
 [ 363  212]
 [ 389  212]
 [ 415  212]
 [ 442  212]
 [ 468  212]
 [ 494  212]
 [ 520  212]
 [ 546  212]
 [ 573  212]
 [ 599  212]
 [ 625  212]
 [ 651  212]
 [ 678  212]
 [ 704  212]
 [ 730  212]
 [ 756  212]
 [ 783  212]
 [ 809  212]
 [ 835  212]
 [ 861  212]
 [ 888  212]
 [ 914  212]
 [ 940  212]
 [ 966  212]
 [ 992  212]
 [1019  212]
 [1045  212]
 [1071  212]
 [1097  212]
 [1124  212]
 [1150  212]
 [1176  212]
 [1202  212]
 [1229  212]
 [1255  212]
 [1281  212]
 [1307  212]
 [1334  212]
 [ 101  242]
 [ 127  242]
 [ 153  242]
 [ 179  242]
 [ 205  242]
 [ 232  242]
 [ 258  242]
 [ 284  242]
 [ 310  242]
 [ 337  242]
 [ 363  242]
 [ 389  242]
 [ 415  242]
 [ 442  242]
 [ 468  242]
 [ 494  242]
 [ 520  242]
 [ 546  242]
 [ 573  242]
 [ 599  242]
 [ 625  242]
 [ 651  242]
 [ 678  242]
 [ 704  242]
 [ 730  242]
 [ 756  242]
 [ 783  242]
 [ 809  242]
 [ 835  242]
 [ 861  242]
 [ 888  242]
 [ 914  242]
 [ 940  242]
 [ 966  242]
 [ 992  242]
 [1019  242]
 [1045  242]
 [1071  242]
 [1097  242]
 [1124  242]
 [1150  242]
 [1176  242]
 [1202  242]
 [1229  242]
 [1255  242]
 [1281  242]
 [1307  242]
 [1334  242]]